*SITE ____EPOCH___ TROTOT STDDEV  TGNTOT STDDEV  TGETOT STDDEV
 LEIJ 21:124:00000 2341.0    3.1   0.757  0.424  -0.236  0.438
 LEIJ 21:124:00300 2340.8    2.9   0.770  0.404  -0.205  0.416
 LEIJ 21:124:00600 2340.1    2.7   0.783  0.398  -0.174  0.408
 LEIJ 21:124:00900 2338.9    2.6   0.799  0.378  -0.134  0.386
 LEIJ 21:124:01200 2337.7    2.5   0.816  0.373  -0.093  0.380
 LEIJ 21:124:01500 2336.8    2.4   0.822  0.354  -0.047  0.360
 LEIJ 21:124:01800 2335.7    2.3   0.828  0.351  -0.001  0.356
 LEIJ 21:124:02100 2335.1    2.3   0.804  0.334   0.056  0.336
 LEIJ 21:124:02400 2335.5    2.3   0.780  0.333   0.113  0.333
 LEIJ 21:124:02700 2336.3    2.3   0.760  0.319   0.164  0.314
 LEIJ 21:124:03000 2336.5    2.2   0.740  0.323   0.214  0.311
 LEIJ 21:124:03300 2336.7    2.2   0.683  0.306   0.239  0.289
 LEIJ 21:124:03600 2336.4    2.1   0.625  0.308   0.264  0.285
 LEIJ 21:124:03900 2336.1    2.0   0.538  0.290   0.280  0.261
 LEIJ 21:124:04200 2336.0    1.9   0.451  0.290   0.297  0.257
 LEIJ 21:124:04500 2335.9    1.8   0.376  0.271   0.306  0.239
 LEIJ 21:124:04800 2336.2    1.8   0.301  0.271   0.315  0.244
 LEIJ 21:124:05100 2336.1    1.8   0.262  0.251   0.373  0.234
 LEIJ 21:124:05400 2336.0    1.8   0.223  0.252   0.431  0.247
 LEIJ 21:124:05700 2335.9    1.9   0.209  0.237   0.485  0.237
 LEIJ 21:124:06000 2335.2    1.9   0.195  0.244   0.539  0.249
 LEIJ 21:124:06300 2335.1    1.9   0.185  0.229   0.566  0.236
 LEIJ 21:124:06600 2335.6    1.9   0.174  0.237   0.594  0.246
 LEIJ 21:124:06900 2335.9    1.8   0.189  0.223   0.602  0.232
 LEIJ 21:124:07200 2336.2    1.8   0.204  0.232   0.611  0.241
 LEIJ 21:124:07500 2336.6    1.8   0.215  0.220   0.604  0.227
 LEIJ 21:124:07800 2337.1    1.7   0.227  0.232   0.597  0.236
 LEIJ 21:124:08100 2337.3    1.7   0.258  0.223   0.584  0.222
 LEIJ 21:124:08400 2337.7    1.8   0.290  0.238   0.570  0.233
 LEIJ 21:124:08700 2337.3    1.7   0.336  0.232   0.572  0.217
 LEIJ 21:124:09000 2337.3    1.7   0.383  0.248   0.575  0.226
 LEIJ 21:124:09300 2337.5    1.7   0.433  0.246   0.580  0.212
 LEIJ 21:124:09600 2337.8    1.7   0.482  0.264   0.585  0.223
 LEIJ 21:124:09900 2337.8    1.8   0.525  0.262   0.643  0.217
 LEIJ 21:124:10200 2338.2    1.9   0.567  0.280   0.701  0.236
 LEIJ 21:124:10500 2338.6    2.0   0.598  0.277   0.755  0.232
 LEIJ 21:124:10800 2337.9    2.1   0.629  0.294   0.810  0.250
 LEIJ 21:124:11100 2336.9    2.1   0.672  0.289   0.821  0.244
 LEIJ 21:124:11400 2336.9    2.2   0.716  0.304   0.832  0.259
 LEIJ 21:124:11700 2336.9    2.2   0.769  0.296   0.823  0.250
 LEIJ 21:124:12000 2336.9    2.2   0.823  0.308   0.814  0.262
 LEIJ 21:124:12300 2337.2    2.2   0.880  0.297   0.809  0.249
 LEIJ 21:124:12600 2337.3    2.2   0.937  0.305   0.805  0.257
 LEIJ 21:124:12900 2337.2    2.2   0.978  0.292   0.804  0.240
 LEIJ 21:124:13200 2336.8    2.1   1.019  0.297   0.803  0.245
 LEIJ 21:124:13500 2336.3    2.0   1.039  0.279   0.793  0.225
 LEIJ 21:124:13800 2335.9    1.9   1.060  0.281   0.784  0.227
 LEIJ 21:124:14100 2335.0    1.8   1.066  0.263   0.769  0.207
 LEIJ 21:124:14400 2334.0    1.7   1.073  0.266   0.754  0.211
 LEIJ 21:124:14700 2332.5    1.7   1.071  0.249   0.740  0.198
 LEIJ 21:124:15000 2331.3    1.7   1.070  0.253   0.726  0.212
 LEIJ 21:124:15300 2330.8    1.7   1.034  0.238   0.692  0.204
 LEIJ 21:124:15600 2330.2    1.7   0.998  0.246   0.659  0.221
 LEIJ 21:124:15900 2329.1    1.8   0.940  0.236   0.636  0.214
 LEIJ 21:124:16200 2328.8    1.9   0.882  0.249   0.612  0.231
 LEIJ 21:124:16500 2328.8    1.9   0.831  0.239   0.592  0.222
 LEIJ 21:124:16800 2329.0    1.9   0.781  0.251   0.572  0.237
 LEIJ 21:124:17100 2329.1    1.9   0.709  0.237   0.569  0.225
 LEIJ 21:124:17400 2328.6    1.8   0.637  0.245   0.566  0.237
 LEIJ 21:124:17700 2328.0    1.8   0.565  0.229   0.553  0.224
 LEIJ 21:124:18000 2327.4    1.7   0.493  0.237   0.541  0.235
 LEIJ 21:124:18300 2327.1    1.7   0.460  0.227   0.519  0.223
 LEIJ 21:124:18600 2326.7    1.7   0.426  0.240   0.497  0.234
 LEIJ 21:124:18900 2325.7    1.7   0.421  0.236   0.492  0.222
 LEIJ 21:124:19200 2324.8    1.8   0.416  0.254   0.487  0.234
 LEIJ 21:124:19500 2323.8    1.8   0.407  0.251   0.476  0.221
 LEIJ 21:124:19800 2322.7    1.9   0.398  0.269   0.465  0.232
 LEIJ 21:124:20100 2321.5    1.9   0.385  0.264   0.437  0.219
 LEIJ 21:124:20400 2320.5    1.9   0.371  0.279   0.408  0.230
 LEIJ 21:124:20700 2319.2    1.9   0.325  0.272   0.392  0.223
 LEIJ 21:124:21000 2318.5    2.0   0.280  0.285   0.375  0.239
 LEIJ 21:124:21300 2317.7    2.1   0.225  0.276   0.362  0.234
 LEIJ 21:124:21600 2317.1    2.2   0.170  0.288   0.349  0.250
 LEIJ 21:124:21900 2318.1    2.3   0.122  0.279   0.306  0.244
 LEIJ 21:124:22200 2319.8    2.3   0.073  0.290   0.262  0.259
 LEIJ 21:124:22500 2322.2    2.3   0.052  0.279   0.211  0.250
 LEIJ 21:124:22800 2325.4    2.3   0.032  0.287   0.160  0.261
 LEIJ 21:124:23100 2328.9    2.3   0.022  0.273   0.068  0.248
 LEIJ 21:124:23400 2333.0    2.2   0.011  0.279  -0.024  0.256
 LEIJ 21:124:23700 2336.8    2.2   0.005  0.261  -0.131  0.240
 LEIJ 21:124:24000 2340.2    2.1  -0.001  0.264  -0.238  0.245
 LEIJ 21:124:24300 2344.3    1.9  -0.021  0.244  -0.303  0.225
 LEIJ 21:124:24600 2347.4    1.8  -0.042  0.247  -0.368  0.228
 LEIJ 21:124:24900 2351.2    1.7  -0.119  0.230  -0.344  0.207
 LEIJ 21:124:25200 2354.7    1.7  -0.197  0.237  -0.320  0.211
 LEIJ 21:124:25500 2357.1    1.6  -0.307  0.222  -0.214  0.193
 LEIJ 21:124:25800 2358.9    1.6  -0.416  0.231  -0.109  0.200
 LEIJ 21:124:26100 2360.7    1.6  -0.550  0.221  -0.026  0.184
 LEIJ 21:124:26400 2361.5    1.6  -0.684  0.235   0.057  0.196
 LEIJ 21:124:26700 2361.9    1.7  -0.803  0.226   0.129  0.185
 LEIJ 21:124:27000 2361.3    1.7  -0.923  0.241   0.201  0.202
 LEIJ 21:124:27300 2360.2    1.8  -1.027  0.230   0.262  0.195
 LEIJ 21:124:27600 2359.1    1.8  -1.131  0.242   0.322  0.214
 LEIJ 21:124:27900 2357.8    1.8  -1.205  0.230   0.371  0.213
 LEIJ 21:124:28200 2356.7    1.9  -1.279  0.241   0.420  0.237
 LEIJ 21:124:28500 2355.8    1.9  -1.342  0.232   0.464  0.236
 LEIJ 21:124:28800 2355.1    2.0  -1.405  0.246   0.508  0.257
 LEIJ 21:124:29100 2354.3    2.1  -1.456  0.237   0.534  0.254
 LEIJ 21:124:29400 2353.4    2.1  -1.507  0.251   0.559  0.273
 LEIJ 21:124:29700 2352.3    2.1  -1.547  0.241   0.595  0.268
 LEIJ 21:124:30000 2351.5    2.2  -1.586  0.253   0.631  0.284
 LEIJ 21:124:30300 2350.7    2.2  -1.607  0.244   0.670  0.277
 LEIJ 21:124:30600 2349.8    2.2  -1.628  0.256   0.709  0.291
 LEIJ 21:124:30900 2349.8    2.1  -1.631  0.247   0.744  0.283
 LEIJ 21:124:31200 2349.8    2.1  -1.634  0.259   0.779  0.295
 LEIJ 21:124:31500 2350.3    2.1  -1.630  0.250   0.805  0.285
 LEIJ 21:124:31800 2351.0    2.1  -1.626  0.262   0.830  0.295
 LEIJ 21:124:32100 2351.5    2.1  -1.634  0.251   0.821  0.283
 LEIJ 21:124:32400 2352.0    2.1  -1.642  0.262   0.813  0.291
 LEIJ 21:124:32700 2352.7    2.0  -1.654  0.252   0.788  0.279
 LEIJ 21:124:33000 2352.7    2.1  -1.666  0.263   0.763  0.287
 LEIJ 21:124:33300 2351.8    2.1  -1.716  0.254   0.759  0.280
 LEIJ 21:124:33600 2351.0    2.2  -1.765  0.267   0.754  0.293
 LEIJ 21:124:33900 2349.8    2.2  -1.833  0.257   0.748  0.285
 LEIJ 21:124:34200 2347.9    2.2  -1.901  0.269   0.742  0.296
 LEIJ 21:124:34500 2346.6    2.2  -1.962  0.257   0.718  0.286
 LEIJ 21:124:34800 2345.4    2.2  -2.022  0.267   0.695  0.296
 LEIJ 21:124:35100 2344.0    2.1  -2.062  0.255   0.657  0.285
 LEIJ 21:124:35400 2342.8    2.1  -2.102  0.264   0.619  0.293
 LEIJ 21:124:35700 2341.3    2.1  -2.100  0.251   0.569  0.280
 LEIJ 21:124:36000 2339.8    2.1  -2.098  0.260   0.520  0.287
 LEIJ 21:124:36300 2339.2    2.1  -2.067  0.250   0.461  0.274
 LEIJ 21:124:36600 2339.6    2.1  -2.035  0.262   0.402  0.281
 LEIJ 21:124:36900 2339.8    2.1  -1.983  0.249   0.362  0.267
 LEIJ 21:124:37200 2340.0    2.0  -1.931  0.258   0.322  0.272
 LEIJ 21:124:37500 2340.4    2.0  -1.868  0.244   0.293  0.256
 LEIJ 21:124:37800 2341.8    1.9  -1.804  0.252   0.263  0.261
 LEIJ 21:124:38100 2342.9    1.9  -1.745  0.239   0.228  0.245
 LEIJ 21:124:38400 2343.0    2.0  -1.687  0.249   0.192  0.251
 LEIJ 21:124:38700 2342.7    2.0  -1.615  0.236   0.205  0.239
 LEIJ 21:124:39000 2342.0    1.9  -1.544  0.247   0.217  0.249
 LEIJ 21:124:39300 2341.4    1.9  -1.463  0.236   0.272  0.235
 LEIJ 21:124:39600 2341.0    1.9  -1.381  0.248   0.326  0.244
 LEIJ 21:124:39900 2340.5    1.8  -1.303  0.237   0.383  0.230
 LEIJ 21:124:40200 2339.9    1.8  -1.224  0.249   0.440  0.239
 LEIJ 21:124:40500 2339.8    1.8  -1.178  0.241   0.475  0.228
 LEIJ 21:124:40800 2339.9    1.9  -1.132  0.254   0.511  0.240
 LEIJ 21:124:41100 2340.2    1.9  -1.107  0.245   0.535  0.227
 LEIJ 21:124:41400 2341.6    1.8  -1.081  0.258   0.559  0.238
 LEIJ 21:124:41700 2342.8    1.8  -1.095  0.250   0.549  0.224
 LEIJ 21:124:42000 2344.5    1.8  -1.110  0.263   0.540  0.232
 LEIJ 21:124:42300 2346.1    1.8  -1.129  0.256   0.494  0.222
 LEIJ 21:124:42600 2347.0    1.8  -1.147  0.269   0.449  0.235
 LEIJ 21:124:42900 2347.3    1.8  -1.177  0.264   0.400  0.229
 LEIJ 21:124:43200 2347.5    1.9  -1.207  0.280   0.350  0.246
 LEIJ 21:124:43500 2348.0    2.0  -1.240  0.274   0.290  0.240
 LEIJ 21:124:43800 2347.9    2.1  -1.273  0.289   0.230  0.256
 LEIJ 21:124:44100 2348.3    2.2  -1.285  0.283   0.161  0.250
 LEIJ 21:124:44400 2348.6    2.2  -1.297  0.296   0.092  0.264
 LEIJ 21:124:44700 2348.9    2.3  -1.282  0.288   0.016  0.254
 LEIJ 21:124:45000 2350.0    2.3  -1.267  0.298  -0.059  0.265
 LEIJ 21:124:45300 2350.7    2.3  -1.243  0.287  -0.116  0.252
 LEIJ 21:124:45600 2351.1    2.2  -1.219  0.296  -0.173  0.259
 LEIJ 21:124:45900 2350.7    2.1  -1.192  0.282  -0.217  0.241
 LEIJ 21:124:46200 2349.9    2.0  -1.165  0.288  -0.260  0.245
 LEIJ 21:124:46500 2349.7    1.9  -1.154  0.276  -0.340  0.232
 LEIJ 21:124:46800 2349.3    1.9  -1.143  0.283  -0.419  0.241
 LEIJ 21:124:47100 2348.5    1.9  -1.154  0.270  -0.467  0.231
 LEIJ 21:124:47400 2348.1    1.9  -1.164  0.277  -0.516  0.244
 LEIJ 21:124:47700 2347.2    2.0  -1.157  0.263  -0.565  0.235
 LEIJ 21:124:48000 2345.9    2.0  -1.151  0.270  -0.615  0.249
 LEIJ 21:124:48300 2344.7    2.0  -1.116  0.253  -0.631  0.239
 LEIJ 21:124:48600 2344.5    2.0  -1.082  0.257  -0.647  0.251
 LEIJ 21:124:48900 2344.2    1.9  -1.037  0.238  -0.653  0.239
 LEIJ 21:124:49200 2344.0    1.8  -0.992  0.241  -0.659  0.250
 LEIJ 21:124:49500 2343.8    1.8  -0.924  0.226  -0.622  0.237
 LEIJ 21:124:49800 2343.3    1.8  -0.855  0.235  -0.585  0.247
 LEIJ 21:124:50100 2343.4    1.8  -0.750  0.223  -0.522  0.232
 LEIJ 21:124:50400 2343.3    1.8  -0.645  0.234  -0.458  0.240
 LEIJ 21:124:50700 2342.4    1.8  -0.553  0.228  -0.405  0.223
 LEIJ 21:124:51000 2341.4    1.8  -0.461  0.244  -0.351  0.229
 LEIJ 21:124:51300 2340.9    1.8  -0.386  0.242  -0.309  0.211
 LEIJ 21:124:51600 2341.1    1.8  -0.311  0.263  -0.267  0.218
 LEIJ 21:124:51900 2341.4    1.8  -0.276  0.260  -0.223  0.206
 LEIJ 21:124:52200 2341.6    1.8  -0.242  0.278  -0.179  0.218
 LEIJ 21:124:52500 2342.2    1.9  -0.236  0.273  -0.125  0.213
 LEIJ 21:124:52800 2343.3    2.0  -0.231  0.289  -0.071  0.232
 LEIJ 21:124:53100 2343.7    2.0  -0.229  0.282  -0.038  0.227
 LEIJ 21:124:53400 2344.2    2.1  -0.227  0.295  -0.004  0.245
 LEIJ 21:124:53700 2344.6    2.1  -0.231  0.286  -0.001  0.238
 LEIJ 21:124:54000 2345.0    2.1  -0.236  0.296   0.001  0.253
 LEIJ 21:124:54300 2345.8    2.1  -0.235  0.284   0.004  0.243
 LEIJ 21:124:54600 2347.0    2.1  -0.235  0.291   0.006  0.254
 LEIJ 21:124:54900 2348.2    2.0  -0.242  0.276   0.004  0.239
 LEIJ 21:124:55200 2348.9    2.0  -0.249  0.281   0.002  0.246
 LEIJ 21:124:55500 2349.2    1.9  -0.266  0.264  -0.006  0.230
 LEIJ 21:124:55800 2349.7    1.8  -0.283  0.267  -0.013  0.235
 LEIJ 21:124:56100 2350.3    1.8  -0.279  0.250   0.046  0.220
 LEIJ 21:124:56400 2350.5    1.8  -0.276  0.253   0.105  0.228
 LEIJ 21:124:56700 2351.8    1.8  -0.235  0.236   0.194  0.214
 LEIJ 21:124:57000 2352.2    1.8  -0.195  0.242   0.283  0.225
 LEIJ 21:124:57300 2352.6    1.8  -0.158  0.224   0.324  0.212
 LEIJ 21:124:57600 2352.8    1.8  -0.121  0.229   0.364  0.223
 LEIJ 21:124:57900 2352.6    1.7  -0.092  0.211   0.382  0.208
 LEIJ 21:124:58200 2352.7    1.7  -0.063  0.218   0.399  0.218
 LEIJ 21:124:58500 2352.3    1.7  -0.045  0.207   0.423  0.202
 LEIJ 21:124:58800 2351.7    1.7  -0.028  0.221   0.447  0.211
 LEIJ 21:124:59100 2351.8    1.7  -0.004  0.212   0.459  0.196
 LEIJ 21:124:59400 2352.0    1.7   0.019  0.227   0.471  0.208
 LEIJ 21:124:59700 2352.3    1.8   0.010  0.214   0.469  0.202
 LEIJ 21:124:60000 2352.6    1.7   0.001  0.226   0.468  0.221
 LEIJ 21:124:60300 2354.1    1.8  -0.039  0.211   0.465  0.215
 LEIJ 21:124:60600 2356.3    1.7  -0.079  0.221   0.461  0.234
 LEIJ 21:124:60900 2357.2    1.7  -0.130  0.207   0.480  0.227
 LEIJ 21:124:61200 2357.8    1.7  -0.181  0.218   0.498  0.243
 LEIJ 21:124:61500 2357.7    1.8  -0.249  0.212   0.525  0.236
 LEIJ 21:124:61800 2357.3    1.9  -0.317  0.230   0.551  0.250
 LEIJ 21:124:62100 2356.7    1.9  -0.395  0.222   0.587  0.241
 LEIJ 21:124:62400 2355.5    1.9  -0.473  0.237   0.623  0.254
 LEIJ 21:124:62700 2355.0    1.9  -0.487  0.229   0.618  0.244
 LEIJ 21:124:63000 2355.0    1.9  -0.500  0.244   0.612  0.256
 LEIJ 21:124:63300 2355.1    1.9  -0.512  0.234   0.603  0.247
 LEIJ 21:124:63600 2354.1    1.9  -0.525  0.248   0.594  0.260
 LEIJ 21:124:63900 2353.2    1.9  -0.511  0.238   0.594  0.254
 LEIJ 21:124:64200 2353.4    2.0  -0.497  0.251   0.595  0.269
 LEIJ 21:124:64500 2353.8    2.0  -0.469  0.242   0.551  0.262
 LEIJ 21:124:64800 2354.8    2.0  -0.441  0.255   0.508  0.275
 LEIJ 21:124:65100 2355.3    2.0  -0.448  0.244   0.469  0.266
 LEIJ 21:124:65400 2355.2    2.0  -0.456  0.256   0.430  0.277
 LEIJ 21:124:65700 2354.8    2.0  -0.476  0.242   0.402  0.264
 LEIJ 21:124:66000 2354.3    2.0  -0.497  0.251   0.375  0.272
 LEIJ 21:124:66300 2353.1    1.9  -0.511  0.235   0.354  0.258
 LEIJ 21:124:66600 2352.9    1.8  -0.524  0.243   0.333  0.265
 LEIJ 21:124:66900 2352.1    1.8  -0.539  0.229   0.318  0.250
 LEIJ 21:124:67200 2351.2    1.8  -0.554  0.238   0.304  0.257
 LEIJ 21:124:67500 2351.1    1.8  -0.555  0.226   0.298  0.242
 LEIJ 21:124:67800 2350.8    1.8  -0.556  0.237   0.292  0.249
 LEIJ 21:124:68100 2349.8    1.8  -0.593  0.227   0.295  0.236
 LEIJ 21:124:68400 2348.1    1.8  -0.630  0.241   0.299  0.244
 LEIJ 21:124:68700 2347.9    1.9  -0.641  0.229   0.306  0.233
 LEIJ 21:124:69000 2348.0    1.9  -0.652  0.240   0.314  0.245
 LEIJ 21:124:69300 2347.5    1.9  -0.668  0.222   0.332  0.230
 LEIJ 21:124:69600 2346.4    1.8  -0.684  0.228   0.351  0.237
 LEIJ 21:124:69900 2345.8    1.6  -0.695  0.213   0.359  0.218
 LEIJ 21:124:70200 2344.1    1.6  -0.706  0.222   0.367  0.223
 LEIJ 21:124:70500 2342.0    1.5  -0.752  0.210   0.450  0.208
 LEIJ 21:124:70800 2339.9    1.6  -0.797  0.223   0.534  0.219
 LEIJ 21:124:71100 2338.2    1.6  -0.844  0.213   0.599  0.211
 LEIJ 21:124:71400 2335.2    1.6  -0.891  0.227   0.663  0.227
 LEIJ 21:124:71700 2332.1    1.7  -0.957  0.220   0.742  0.220
 LEIJ 21:124:72000 2329.0    1.8  -1.024  0.237   0.821  0.238
 LEIJ 21:124:72300 2327.1    1.9  -1.081  0.230   0.850  0.235
 LEIJ 21:124:72600 2325.5    1.9  -1.138  0.246   0.880  0.255
 LEIJ 21:124:72900 2323.4    2.0  -1.213  0.235   0.898  0.250
 LEIJ 21:124:73200 2321.0    2.0  -1.288  0.248   0.917  0.266
 LEIJ 21:124:73500 2318.3    2.0  -1.354  0.235   0.929  0.259
 LEIJ 21:124:73800 2315.6    1.9  -1.421  0.246   0.941  0.273
 LEIJ 21:124:74100 2313.3    2.0  -1.491  0.237   0.923  0.268
 LEIJ 21:124:74400 2310.6    2.0  -1.561  0.251   0.905  0.283
 LEIJ 21:124:74700 2308.0    2.0  -1.624  0.244   0.891  0.278
 LEIJ 21:124:75000 2305.5    2.1  -1.687  0.260   0.877  0.293
 LEIJ 21:124:75300 2303.0    2.1  -1.729  0.254   0.859  0.288
 LEIJ 21:124:75600 2301.5    2.1  -1.771  0.269   0.841  0.301
 LEIJ 21:124:75900 2300.7    2.2  -1.800  0.262   0.795  0.294
 LEIJ 21:124:76200 2300.7    2.2  -1.830  0.275   0.749  0.306
 LEIJ 21:124:76500 2301.1    2.2  -1.847  0.266   0.695  0.296
 LEIJ 21:124:76800 2302.0    2.2  -1.864  0.278   0.641  0.306
 LEIJ 21:124:77100 2303.1    2.2  -1.864  0.266   0.573  0.294
 LEIJ 21:124:77400 2304.4    2.2  -1.865  0.276   0.505  0.302
 LEIJ 21:124:77700 2305.8    2.2  -1.858  0.262   0.442  0.288
 LEIJ 21:124:78000 2306.6    2.1  -1.852  0.270   0.380  0.294
 LEIJ 21:124:78300 2307.3    2.1  -1.841  0.254   0.327  0.279
 LEIJ 21:124:78600 2308.0    2.0  -1.830  0.261   0.275  0.283
 LEIJ 21:124:78900 2308.3    2.0  -1.808  0.245   0.257  0.266
 LEIJ 21:124:79200 2308.2    1.9  -1.787  0.252   0.240  0.270
 LEIJ 21:124:79500 2307.9    1.9  -1.753  0.236   0.240  0.252
 LEIJ 21:124:79800 2307.1    1.8  -1.718  0.243   0.240  0.256
 LEIJ 21:124:80100 2306.8    1.8  -1.647  0.226   0.253  0.238
 LEIJ 21:124:80400 2305.7    1.7  -1.577  0.234   0.267  0.242
 LEIJ 21:124:80700 2303.7    1.7  -1.500  0.224   0.268  0.223
 LEIJ 21:124:81000 2301.9    1.6  -1.423  0.238   0.269  0.228
 LEIJ 21:124:81300 2300.8    1.6  -1.360  0.237   0.248  0.212
 LEIJ 21:124:81600 2300.3    1.6  -1.297  0.258   0.228  0.221
 LEIJ 21:124:81900 2300.0    1.7  -1.293  0.263   0.171  0.212
 LEIJ 21:124:82200 2299.6    1.8  -1.290  0.289   0.114  0.227
 LEIJ 21:124:82500 2299.5    1.9  -1.305  0.295   0.046  0.219
 LEIJ 21:124:82800 2299.7    2.0  -1.319  0.319  -0.022  0.235
 LEIJ 21:124:83100 2300.2    2.1  -1.336  0.324  -0.063  0.233
 LEIJ 21:124:83400 2300.2    2.2  -1.352  0.346  -0.105  0.254
 LEIJ 21:124:83700 2300.6    2.3  -1.365  0.350  -0.111  0.262
 LEIJ 21:124:84000 2301.6    2.5  -1.377  0.370  -0.117  0.291
 LEIJ 21:124:84300 2302.4    2.6  -1.385  0.372  -0.130  0.299
 LEIJ 21:124:84600 2302.1    2.6  -1.394  0.390  -0.144  0.326
 LEIJ 21:124:84900 2301.1    2.7  -1.411  0.392  -0.188  0.333
 LEIJ 21:124:85200 2300.3    2.8  -1.428  0.410  -0.233  0.357
 LEIJ 21:124:85500 2300.1    2.9  -1.452  0.416  -0.263  0.364
 LEIJ 21:124:85800 2299.9    3.0  -1.476  0.436  -0.292  0.387
 LEIJ 21:124:86100 2299.9    3.2  -1.480  0.443  -0.300  0.394
-TROP/SOLUTION
